$ANSIBLE_VAULT;1.1;AES256
32356336303266653664653835663630323033343864303530366461333833616135386262333566
6235383638633137376665653863393231396163616364610a333530653765326566623935323239
36326636653737613938353136626366393139333461316635303663353534653035613666346132
3938646438353239660a653939303932336361663739616231656562613034623265373334306462
32653362383633363133633166626332386638323734653832303866653633633434633063666164
61376137343333643036373637623531376665313130643530653933613736633066393263393630
62613436326236306433663232343864386236313736323830643135663733323032373665373961
38303630333834326134353361333830656264623838356262643930643936336235396137306531
32373932373761363339373433636638643137663666316562636264623766333038666230656438
66303534346165623934303338393262346433366664343834613034363336386332323763396233
61346337626236326636663536373730333338623161393330323662396434633361323863373765
65653763613637326363383362613135333331666466386334343836663465303537333661636665
39653930383933376530633263353832303363386138313464396264343966373136666164386134
64656334393938343765323432633564356132366234313730643165636663396338653263346539
38646232376339653631643739376363343664643037616636646138636664646531356530613039
36346239363266326437333236306163383261343538336230396164633139363664353835613335
38376662636434643134333062343435333635613063626535396238363464353038663865306364
61373665343836386464326536333039343536626436653163633064323833313333363035636435
65353832303734346536616365353861393163366438363039336131386432333862386362663039
66383831303030386536376166363336663466373935386336353232626433303138623530356263
61313265366438396234326634316630313962623865326639343731376666383436633966376161
65643334326332393663663236373530613833363166643763303965323139663763653566666633
31313862353839366535333633663633633230366331336431386333333036616536653361356632
62326564626234323238316431376330636532326663393830613566376536363566303066346632
33633062623837663966623861663363356162663166316137653934663766366432616133313538
66343861353935343536613436303966626335323135646465646162646332616161616630623465
31366634636136353337316637646466633165646138623139396262386338373631383965313461
61316662373866613561366531616630326536643564616461386532303962616236366532616438
3637
