$ANSIBLE_VAULT;1.1;AES256
30366432343436383333633936383630646339643165613862653036633862653463363131663165
3234393266623466333736383563353539363362616563310a616331336536356232646331326665
37366237383762313965633936356165373232643065643237313063383561323461313435386663
6333613466386136390a303461306661623233346638373562383236636363613865333936346466
35303733306662633538333035383866383065663238333463633036393838383565666233633334
61313439343439623931363534613837633835353064323934636636363065336266323865396330
64643962333863636431386236336639353231366235366661653037356437363033376135366533
39336338386638353833663331333562306238666537396236326139303232356361303361613731
33303964383166663963303138336538383763646436393130646561386236636134373763656330
62666630343230333134303439353735613466383536366133643162376139663962326230303163
30636164613664343934626166326666623263336136663137373934353966643663313566363062
34303138303635623630356336383164313335316534333465616536393931376534666436373064
32336232656661643839626664353531346638363436313030656637393665663563643832303931
36393566323230386264306434666630326339316664643364623531336466363231313966636130
66643535333531323739636166393433383234373361353233623934653636396663386537646464
34363532383365663562353466353934666262363937356136346130393439343165396534303432
36336264313833356338376239393439376464663561323665656330306266646264623637376264
38663436626434326164373131643839353338653635623434393061653134346264376639353466
34333966383237633137636331393263623062343664333866323763663937643033303535353662
30383039356237343966636261643936353161633330626531656439313337303633323236353234
36353664666166656531343062363961393665633931396662333166663733306463646636323634
31393137643336666161376663376264326532633764353362376332636534313631623935616163
63333432303664363339313332303262306137383935356365353464653334643965626638653439
33383431393564356230643332623132343063343737343237346537313938393334633436666362
64303631633634326162653861303561613965316462376565633064653164613165336561316134
38353334306633303666393533643762323965663834343666363833316662643566313966373863
64636535356133343837303135316131326532623838343238633338646237663561393933373939
64656339313737356232393164333364353830326132613330343238373431613032303061363065
31653735316365346637343330653531626532376162653835343564346533396233633433653364
32656232336537383365623133373932303339363330363633303738396233633530663830393032
30313066633839353930376632623963633566626530653162366230353834303130303639333165
36623732323361623665656531313761623533633065623437343963336530343937626131396631
30323139616365643133643334383765363034363337393365323963373931316533386431333238
38383264623464343666326439633362656535393164663530646162386361323036383535663565
61386263393830333232323139633436343832373666646237376337636266613666643262316437
30326231643536383765343334323838633639376161333265356633623130613563376365363736
65323062393762363066383630626331656536386437333139333535336130666438306133346231
66306236336137643237323233643863643034316265393639363366353032366666316161613664
30366432333161623330373266653635346633666433653635623834336466353038353033373130
33343061396564303663373137643431373239626535303831306538653930356334633966626265
39376535316266353066303437656236636135333032306435393761666632316632646337343666
64323533626163643237666164643136336530353235646162306332333139653834316430323935
31346466323835343230336230363239383566323064323730366637373434306236356665343964
62666534343962663765336534656431613137336230653962353064373237613537613137323435
33666131383339643236313961613632326438393734383934303532653236626530343134376365
63393862653839353665383736313962373539336632663631636562643466343561633632353030
32313461323131353764636332373966313737346136383736633435633665616363386136336237
65316231646366383437326263666262363537643435373235346237366639626336393533366133
31336634363866383262383833653937363264363431663631373761356366623130383861646438
35356236386634643434366562396638393634643665303235653364613339663131313738363936
37656264396433393566663636633463393462613663316164393830393062303764356461396330
35313831336530343065333366373930626166336564386637303630616332396338626138653338
35363035396466636264356361646466653638626232623737636461643265316335373236633239
63353065643261636463323235306338366331356639366639376531383765636435393737313138
62316562363339356634643662323537353938653932373861303238383364306138326263316536
37613933343061356135373137356136626461386365353834383435636561323662633934616139
38623135323332326330646364646637656238373431396537376435316439373437336165366634
64386439636634373063633130393535343935656638316430623864666164636235626431336164
32323233363462613261363466386530623336343236356535616231656232363632316530643630
31323836663466656635623662346237633065393036663530366266303936396666356432353539
65396432363664386530346530363637623133363031613934643336396664326566353663646463
33376334333464666164363236623630633934323839336337373432383232396632356631613630
39306163373536346465646465353235663362393763613336363061656339653634343733663162
62343362386335323663646339356432643831376265346264633739643839313239366135333538
3131
